2.472065630319888907e+00
2.914585963536298951e+00
2.411649216505366677e+00
2.935403791748267821e+00
2.809195390075656551e+00
3.185373724314010335e+00
2.527788571708740939e+00
2.698064407516539198e+00
2.558356624700997006e+00
2.566035826266936049e+00
2.470111747914921718e+00
2.590729958123767496e+00
3.283012512728180621e+00
3.226074234207801261e+00
2.446425399174337212e+00
3.044310935566748366e+00
3.092512626251112895e+00
2.597738165048365744e+00
2.903508399162679332e+00
3.135606099422453052e+00
2.684582672246851764e+00
2.482195965323174658e+00
2.411255549099950990e+00
2.552110244581274223e+00
2.547748777739765824e+00
2.849409739904029681e+00
2.969690762140083429e+00
2.946483038094673823e+00
2.530332282472976146e+00
3.029393784489547770e+00
2.418771127495019435e+00
2.769991864291558414e+00
2.652217746807632892e+00
2.460976615596838446e+00
2.638652681518069976e+00
2.856180631358323563e+00
2.868485320497206725e+00
3.079613957755399589e+00
2.745988320686841178e+00
3.383416335710980327e+00
