3.174792314128682236e+00
3.183469873902369685e+00
3.022419094771817250e+00
2.918712553992674597e+00
2.440135367441203407e+00
2.550578651909285011e+00
3.327653508866032617e+00
2.759188129762171204e+00
3.279484734922458067e+00
2.752766066949849488e+00
3.362577944377862948e+00
3.096478186320469561e+00
3.189502712274826735e+00
3.072753761777031301e+00
2.883308678941611802e+00
2.978737126091042686e+00
3.222505824400613506e+00
2.537958246340496604e+00
2.516626515990056934e+00
3.107825952888328302e+00
2.900497798293532270e+00
3.073706720463544873e+00
2.859272590348075571e+00
3.193085583845131303e+00
3.316699246298821180e+00
3.109475935913933675e+00
3.043683236768187417e+00
3.207195546584383550e+00
2.689739750848035182e+00
3.245491102139161477e+00
3.221375829018483294e+00
3.169039406188501218e+00
2.586934461947951736e+00
3.350880663376710977e+00
3.346397481574087784e+00
2.906250924084842424e+00
3.263309941007645154e+00
3.392654264628351068e+00
3.363826420688797114e+00
2.592427975792486183e+00
3.236520691073110800e+00
3.050965591211281858e+00
3.072812346222569158e+00
3.131585647285735963e+00
2.471507739920343116e+00
3.187219147497421190e+00
2.925167197726487256e+00
3.045360561653422504e+00
3.135690743476193809e+00
2.534365213711278653e+00
2.814341214622625653e+00
2.709279447756277381e+00
2.855096013500888485e+00
2.924231029392088566e+00
2.803546309630368327e+00
3.143022540840133772e+00
2.934661690408238766e+00
3.001367318444997601e+00
3.076459420889412044e+00
2.949680127918376193e+00
2.748644616903122895e+00
2.434619582085440825e+00
2.949972856649387687e+00
2.817777819183434840e+00
2.657881528954098460e+00
2.786370232271880631e+00
3.055539819442343763e+00
3.301945123725593678e+00
2.997865016731583232e+00
2.747191096871581806e+00
2.732696651372673813e+00
2.723453214285601387e+00
2.792719167977161909e+00
3.327880083525346588e+00
2.980947703444813079e+00
3.079967912858749379e+00
2.755572175631546994e+00
2.419601269925587772e+00
3.247122222320094842e+00
2.531927262092072972e+00
2.595442920406307863e+00
2.485201023022950206e+00
2.585158685542011003e+00
2.958705066565282760e+00
2.991144564834320452e+00
2.589088580693704067e+00
2.747179039754915397e+00
3.046445553570698905e+00
3.145492986236362309e+00
3.124549347357010287e+00
2.744279675646678296e+00
2.977971385616509536e+00
2.830537780124682712e+00
2.725117106579715287e+00
2.659136416434290329e+00
2.928421649073457811e+00
3.107184563966096214e+00
2.532511246241379688e+00
2.758129101585605536e+00
3.368321982506754519e+00
