2.852904423683050528e+00
3.379505555414890505e+00
2.538617237390903725e+00
2.444830204533404494e+00
3.248023499482297627e+00
3.345195082810307419e+00
2.854164629116202168e+00
3.320301640102645280e+00
2.762702891215484069e+00
2.863465760659770876e+00
2.751301882748763639e+00
2.675549567210325996e+00
2.849919835445664074e+00
3.129730141905616492e+00
3.188378798387793367e+00
2.747662626909148198e+00
2.985736108527389909e+00
3.070547746028839953e+00
3.384637000669217688e+00
3.238687798693442144e+00
2.915690516027516388e+00
2.671999894740516357e+00
3.135978581457542713e+00
2.492048796991297444e+00
2.975521691958313841e+00
2.433476339728702698e+00
2.745780828876743129e+00
2.779824165007877657e+00
2.605832995263662522e+00
3.123899728826390110e+00
2.906001714630991994e+00
2.968840441861025692e+00
2.863551860129103677e+00
3.018669799522480712e+00
2.897361058516165322e+00
2.526596148800353436e+00
2.789572670881200978e+00
3.037184424128287485e+00
2.643764266979317323e+00
3.100002623758014497e+00
2.543773677749572304e+00
2.521847674902205849e+00
2.829705092231818764e+00
3.297476998134500903e+00
2.433938178059960489e+00
3.148506707265822602e+00
3.209757880663139940e+00
3.067089127419609262e+00
3.381810926959133212e+00
2.803200479513132670e+00
2.594226013922854790e+00
3.213045769460776135e+00
2.649670708131755426e+00
3.101023095333015789e+00
2.995945234754285202e+00
2.777467919807885099e+00
2.613582711324507812e+00
2.996082799031760224e+00
2.886876975142693702e+00
2.701509717540087063e+00
2.721985544235126397e+00
2.944346104988253110e+00
2.496010564731066861e+00
3.035217881318442501e+00
3.201276716005587275e+00
2.836111658201502905e+00
2.447442824244987047e+00
3.162367614363235102e+00
3.125444888588313930e+00
2.528566566540982663e+00
2.443461194371169043e+00
2.744693514724802608e+00
2.584757972869963893e+00
3.170213231640667928e+00
3.283748831523287226e+00
2.948606404767766254e+00
3.085376434737919560e+00
3.099316812609770544e+00
2.709690847320219920e+00
2.535028570884503285e+00
3.014758044431007811e+00
2.641590784713789830e+00
2.796990553239139032e+00
3.358934444046094647e+00
2.908044318460074162e+00
2.489341015992660111e+00
3.124654089599478102e+00
2.933985755381752103e+00
2.873128248956930975e+00
3.363592391677749038e+00
2.586152525023890814e+00
2.580696193884232326e+00
3.055084801363884939e+00
3.303169907955842088e+00
2.600607932623517193e+00
2.661676320053731448e+00
2.714377106795777372e+00
2.417983572250621993e+00
3.294126753172871069e+00
2.623659891178243608e+00
2.884839560598024377e+00
2.628365501690414163e+00
2.421699001901972181e+00
3.194222210220635905e+00
2.454400765484229474e+00
2.756073645440478170e+00
3.368881830952299872e+00
3.297211714952211103e+00
3.132219370856899943e+00
3.165902076975568580e+00
3.366492391872657031e+00
3.318775686247392276e+00
3.381667769666518275e+00
3.115017009824367467e+00
2.849361072864097455e+00
2.753026969560654180e+00
2.936102333334567049e+00
3.317419719372880493e+00
2.919322416555852673e+00
2.549721690318266454e+00
2.459732437685972606e+00
2.865532732672763316e+00
3.308311218576273305e+00
2.601494991992608252e+00
3.363159505987594056e+00
3.376497166548317441e+00
3.117826056191925321e+00
2.620447147246720565e+00
2.637522387682287306e+00
2.418966454524675402e+00
3.039014911589021928e+00
2.834246514491853386e+00
3.123846144870755737e+00
2.514363637921658068e+00
3.291472295518934832e+00
2.542408882739115583e+00
3.380174808216036997e+00
2.863017591615865332e+00
3.057448156111219006e+00
2.478877519586669909e+00
3.041585096205918770e+00
2.460698931780503251e+00
3.202269852476868017e+00
3.216583404012418601e+00
3.399065387899637081e+00
2.842422148060596676e+00
2.861553542569467812e+00
2.946325652304583986e+00
2.658437134099765231e+00
2.924410190382320085e+00
3.261685538138670015e+00
3.237762439005174020e+00
3.268628249107762063e+00
2.959372275890553627e+00
3.072824181750717809e+00
3.018267937076336338e+00
2.999194121861121776e+00
2.755665006550062301e+00
3.157811268167506569e+00
3.236476328655114365e+00
3.172514543081101923e+00
2.615751401964030443e+00
2.997565734295157824e+00
3.373970724259106824e+00
3.088853719195866709e+00
2.816003672776814959e+00
2.682323773584785354e+00
3.260130014410771437e+00
2.520353822612771300e+00
3.244536410871477816e+00
2.507893546100487203e+00
2.983085311925812277e+00
3.320735458016991437e+00
2.417028431020816104e+00
2.791400121921957744e+00
2.960256848293894461e+00
2.988741275979716949e+00
3.335181369037210519e+00
2.643123411547478430e+00
2.895695068577353037e+00
3.077647090541084651e+00
3.212515719008286474e+00
2.615116945955864303e+00
2.712684369049578770e+00
3.034352024363569544e+00
2.932469138887021654e+00
3.353180936077328589e+00
2.784816999222735401e+00
3.213151337437137212e+00
2.876247604830773685e+00
3.280399496502235390e+00
3.386318967667383273e+00
2.986208788770687850e+00
2.466192384906877422e+00
2.628983278328662188e+00
2.952387190359509805e+00
3.053757918752281864e+00
2.573338511065025980e+00
3.020248273977514053e+00
2.981199773180429613e+00
2.567326550401219709e+00
2.889405154517803886e+00
2.452705591096528082e+00
3.133815651871405539e+00
3.167584665495233764e+00
2.894334753935217552e+00
3.368321191842366780e+00
3.015796145687722252e+00
2.568958742137416262e+00
3.099079013354778755e+00
3.099662864392269679e+00
2.752076298423141942e+00
2.598260802302208905e+00
2.720711296314514360e+00
3.251376683234044496e+00
3.385100679977776306e+00
3.234409599899085830e+00
2.589034922982792697e+00
2.542803147143239961e+00
2.908678916667207570e+00
3.126309615046306778e+00
2.944682489181364105e+00
2.619755402320688820e+00
3.336127597196010708e+00
3.215448936357157894e+00
2.556101297026408314e+00
3.170741343047195127e+00
2.605338934833361986e+00
3.167731691256594040e+00
3.335603647204517852e+00
2.551647147058154541e+00
2.513798578268508610e+00
3.342552790358058967e+00
3.326028167733136254e+00
3.101665597926307250e+00
3.374847799253530400e+00
2.864651523534436528e+00
3.164727728741563162e+00
2.690841240299268300e+00
3.093770699381786393e+00
3.157295415599488564e+00
2.683490618031471708e+00
2.490902788819496116e+00
2.836803924588980230e+00
2.790132752963196516e+00
3.096580661325228245e+00
2.722368030866970656e+00
3.362257251275399206e+00
2.931100958170854920e+00
2.715084919722432932e+00
2.662325005285941071e+00
2.493402650608289584e+00
3.094184599587686879e+00
2.553702083572283232e+00
3.101188150577072644e+00
2.985259418611432736e+00
3.351868942686976549e+00
3.315573056067352642e+00
3.071832466192466971e+00
3.361615595178863547e+00
3.188351885726480983e+00
2.987104402180716267e+00
2.915179808852994103e+00
3.032032689650591362e+00
2.940938730527382194e+00
2.597904309638656262e+00
3.042985658878516908e+00
3.214124555166365749e+00
2.777919158739244221e+00
3.329363999301325983e+00
3.350919823716577817e+00
3.392659727209431431e+00
2.440865772390270472e+00
2.519869350827810273e+00
2.521049486606849133e+00
2.612918050831350314e+00
3.089362557295801892e+00
2.892565182444365224e+00
2.723232867301904836e+00
3.237024750375347093e+00
2.880151050253799472e+00
2.442196088418202127e+00
2.508926753615077665e+00
2.509480032749354272e+00
2.715766424109760546e+00
2.816384070887191893e+00
3.395078474343773411e+00
3.297912813680054178e+00
3.337327985488351523e+00
3.362181562784809952e+00
3.203497526936500250e+00
2.469864993617510329e+00
2.787966512236524697e+00
3.041674279201940223e+00
2.968120722262460376e+00
2.574551350289678187e+00
3.343314009629366090e+00
2.972643336186040486e+00
3.189711215009884970e+00
3.082127506049553212e+00
3.179944866142395909e+00
2.684394798529880610e+00
3.154295162688102394e+00
2.953417227640544596e+00
3.133799204787161230e+00
3.111922638356639848e+00
2.736880553467143429e+00
2.561141997751052557e+00
2.849163520774547376e+00
2.990306813590739576e+00
3.130295585680006099e+00
2.907786186563026565e+00
3.309661628739728467e+00
2.713743372767014161e+00
2.697619032102378522e+00
2.542069984310446173e+00
2.756141034509143495e+00
2.653721866308095034e+00
2.681221872547732143e+00
2.405230903509190110e+00
2.984037139317927689e+00
2.542232387637131108e+00
2.401693824073896977e+00
2.472809784565436431e+00
2.681070975420113189e+00
2.824998593033652305e+00
3.131320324616551520e+00
3.055439308028336409e+00
3.313633165845411899e+00
2.846544821413586224e+00
3.245879989227602902e+00
3.158039020582501077e+00
3.028711546039073443e+00
2.929246995047857904e+00
2.850146749566913940e+00
3.195864438449330880e+00
2.959296602254899433e+00
2.507797403343950293e+00
3.030624872363565814e+00
3.092655947200145583e+00
3.397935667795676462e+00
2.781878845899082631e+00
2.430854658743117458e+00
2.708232852235203048e+00
3.274832243973234025e+00
2.937182414607498959e+00
2.970100079351084332e+00
2.694532487262491838e+00
3.088775250286194041e+00
3.070919855424218525e+00
3.252316891746796390e+00
2.758635672944938388e+00
2.586107830900605364e+00
3.034480218867346757e+00
3.188696472273323756e+00
3.037448420015227413e+00
3.241995917862158905e+00
2.609203434321804682e+00
2.800086047900352870e+00
2.804750913774456400e+00
3.287189050737793217e+00
2.657282501244278450e+00
2.630390283429469900e+00
2.471383814623522746e+00
2.632943651712926769e+00
2.787376736748376604e+00
2.778877020090078531e+00
2.742013792994856480e+00
2.580710567745369222e+00
3.247449799758465261e+00
2.562623068301160156e+00
2.763069182479381602e+00
3.266024124947723983e+00
3.047012309039062394e+00
2.542105154390117416e+00
3.378835077739355430e+00
2.894072589057445022e+00
2.964676356266861657e+00
2.953079649280172525e+00
3.157815432704099479e+00
3.237611243555447160e+00
3.068168026980531149e+00
3.001761140550932794e+00
3.037352406958206075e+00
3.232766688984346271e+00
3.374574086844088328e+00
2.838367587394020397e+00
2.812850617566593492e+00
2.778822419556497003e+00
2.685823140775262186e+00
2.840779247616334491e+00
2.876493999879193630e+00
3.006855797392915530e+00
3.335559610057144742e+00
2.514535347252621289e+00
3.010093095220053527e+00
2.670001859945990041e+00
3.293083103440746395e+00
3.277153706185683912e+00
2.708514599396170563e+00
2.443275820379402941e+00
2.459460205272156141e+00
2.418186483771078699e+00
2.563005234019405609e+00
3.179629803044018210e+00
2.635423421908036801e+00
2.466978415938109404e+00
2.711392552773136622e+00
2.804435717466487787e+00
3.274216776065937307e+00
2.557057450345555427e+00
3.351731559053630960e+00
2.960148828172922464e+00
2.969087630934620137e+00
3.358389253186531587e+00
2.787108127514404732e+00
2.972336692491911680e+00
3.055771432069255500e+00
3.273032521709134279e+00
3.358126893743747843e+00
2.533432977385202900e+00
2.603695107047786728e+00
2.415202087953796983e+00
3.300989562929296017e+00
3.286149365486476182e+00
3.186624240220528481e+00
3.356426607636563197e+00
2.884790354838789650e+00
3.124784759634248843e+00
2.465025456148018268e+00
2.895089815339230821e+00
3.193773312327439218e+00
2.939871493858322804e+00
2.863154793349445004e+00
2.485778798007129531e+00
3.330539679708339307e+00
2.788998071578806748e+00
2.550219214089312292e+00
3.094611486424350577e+00
3.009371037764616563e+00
3.038720439269809503e+00
2.746530934451086203e+00
2.982688166670114605e+00
2.843101976306520395e+00
2.487060431092658952e+00
3.077371436941318983e+00
2.841534106587118025e+00
3.137844531174553975e+00
3.211020793181500022e+00
2.929628221733702187e+00
2.928921883964592965e+00
2.751920422366905150e+00
2.830153678073034307e+00
2.456501054441239784e+00
2.447937925967587081e+00
2.468115390050205971e+00
2.704702033513795456e+00
3.384393925834197514e+00
2.829326639536593468e+00
2.958107468614497471e+00
3.224214360551986847e+00
2.965745469171332527e+00
3.184013119103180411e+00
2.742736695261812407e+00
3.215372799546664329e+00
3.184805550112630890e+00
3.330412862318258505e+00
2.411307807808005688e+00
3.266538368624650523e+00
2.464209601407265637e+00
2.705627117711173035e+00
2.441376972628407582e+00
2.919311475280687240e+00
3.154166387753137624e+00
2.541101084029583124e+00
3.234453143672312070e+00
3.054387383066576866e+00
3.132658825397851565e+00
2.701428913235544904e+00
2.434039084681756560e+00
3.396315003429540624e+00
2.854750617945465585e+00
3.277819014120946672e+00
3.337827274998782290e+00
3.026805841601690972e+00
2.427687550921781234e+00
3.061867288654389618e+00
3.083815811765399761e+00
3.165387151320202985e+00
3.288219002501087562e+00
2.428319678510866275e+00
2.572345327080372890e+00
2.735815793553027397e+00
2.753643430950709181e+00
2.789820612824303048e+00
3.293598385770843517e+00
3.144279471464979547e+00
2.498878445000322301e+00
2.459855975355849100e+00
3.382296469429329377e+00
2.659977894859464786e+00
2.556530566092809487e+00
2.857093086460828602e+00
3.128792611158397463e+00
3.370616602797225969e+00
2.614138643608352908e+00
2.463251929179308686e+00
2.565579298878919001e+00
3.175208884501920625e+00
2.407511915792910351e+00
3.002072381587554961e+00
2.510360069992448651e+00
3.340054470509561391e+00
2.633911115964988170e+00
2.551126632095298330e+00
2.870398883892141484e+00
3.204227717035958989e+00
2.404429756589072653e+00
3.300462511752400463e+00
2.429544916311103808e+00
2.475106099724369013e+00
2.502772394428034453e+00
2.894252545593314796e+00
2.469637880405430863e+00
2.553754908856985306e+00
2.727437521626992822e+00
2.465794630412634802e+00
2.869669255976593281e+00
2.626585244974514399e+00
2.647391818825445498e+00
3.307005112212093145e+00
2.774013720487199741e+00
3.007595007922261310e+00
3.249009415730048200e+00
2.556866884072053203e+00
2.911457442091451853e+00
2.641288404337196027e+00
2.774735424399520145e+00
3.010159767286849863e+00
3.058445848664047340e+00
3.329943926780002172e+00
2.442025754478630351e+00
3.189611982691821446e+00
2.737466742710207512e+00
2.494217049541929132e+00
3.055496580501333881e+00
3.225507474626147619e+00
3.132706164305405050e+00
2.632335933342794920e+00
3.086417653552677276e+00
2.966090104733604793e+00
3.294199345241605403e+00
3.202702501790017475e+00
2.938102354129884741e+00
2.486769633577265548e+00
3.056530924950981554e+00
3.121934687277381215e+00
3.181733075738800487e+00
2.640339256424145464e+00
2.576636757588627535e+00
2.654833141335489088e+00
2.793536445362424736e+00
3.116643117185390999e+00
3.163187987947467139e+00
2.949081673832389061e+00
2.504004727516651929e+00
3.370830199168108443e+00
2.943311203216856686e+00
3.127818912555619058e+00
2.871114407249463873e+00
2.658008626229051874e+00
2.524858138397778617e+00
3.107279753448772830e+00
3.357836519469616032e+00
2.655064015353931772e+00
2.973573021223564261e+00
3.237459778457076442e+00
2.924653986649592419e+00
2.850128204478323379e+00
2.745384240888079308e+00
2.783624297991718954e+00
3.231389895228577114e+00
2.638449145066182222e+00
2.767474226002655247e+00
3.047251089680975245e+00
2.556964389693363593e+00
3.241394691500748326e+00
3.121903969093928310e+00
2.998469839347201571e+00
2.624165377832833101e+00
2.589022644464602951e+00
2.581914651130081673e+00
3.257671844782662252e+00
3.250105152325760471e+00
2.665389249070107880e+00
2.538684260958625316e+00
2.633158956096544490e+00
3.218346899987984067e+00
2.962888048662593921e+00
2.511507455574850667e+00
2.624315111383473287e+00
2.418813367134637016e+00
3.219979398067999377e+00
2.932700834818187996e+00
3.235681124936976349e+00
2.655058632819280895e+00
2.598415685208780967e+00
2.854424085293172375e+00
3.074200479259216134e+00
2.871300505450971929e+00
2.502907153208465019e+00
2.462253329461755236e+00
3.304757947255002826e+00
3.056746196669141824e+00
2.765338310072230410e+00
2.809788007074636607e+00
2.736844813198126225e+00
2.758148520293158157e+00
3.039500753288957746e+00
2.724343885644284313e+00
3.222048987406961551e+00
3.305876472277876399e+00
2.965402183640987399e+00
3.063643279064867109e+00
2.414888626394575244e+00
2.618318396038833651e+00
3.363555761649240416e+00
2.755901648186927844e+00
2.810994217199684897e+00
2.643239841212290830e+00
2.828506321176415206e+00
2.416989139412885734e+00
3.007246264703916871e+00
2.759813502909922445e+00
2.876363321652614324e+00
3.317710991982879776e+00
3.071694394618808666e+00
2.462705671266043783e+00
2.722632320535215200e+00
2.889777507038606252e+00
2.870411022576735860e+00
2.794303708286622001e+00
3.113826185531879176e+00
2.910504079464922178e+00
3.030365434243136757e+00
2.413041106801080193e+00
2.616858463732996576e+00
2.897949390189964891e+00
3.336713633946492230e+00
3.314537484442134030e+00
3.146486295941091527e+00
2.599338831142899764e+00
2.617765109966656567e+00
2.901798967491298509e+00
3.132956372562593295e+00
2.859663381577112418e+00
2.639069409183122605e+00
2.841397141579778296e+00
3.151601819636623336e+00
3.193525165305448610e+00
2.732817083679259795e+00
2.530388854982298152e+00
3.018789636146623767e+00
2.991369108937442789e+00
2.910523405083945914e+00
3.374460160247838125e+00
3.397128089701586084e+00
2.450371461842269394e+00
3.039981147901499092e+00
3.348631399271503994e+00
3.117349560646583306e+00
3.191312533734824708e+00
2.518984178833569398e+00
2.992408848321832071e+00
2.775959162801529434e+00
2.886515489361057618e+00
2.844928518030570785e+00
3.207045831470030528e+00
2.554710908557166427e+00
3.009737603018328933e+00
2.646661201658360163e+00
2.441792318294174535e+00
2.736724255668865791e+00
2.420464621666785998e+00
3.072960232688467741e+00
2.937848366837849223e+00
2.820698069339826475e+00
2.505218976917022999e+00
2.433435140291570598e+00
3.055622768072219220e+00
2.949927499444990442e+00
3.183488551354713092e+00
2.463381265427114553e+00
2.405387164547493573e+00
2.849617521840368539e+00
3.075156837550898636e+00
3.351807499699536397e+00
3.250339075578139170e+00
2.684716940873584257e+00
2.482299798725040585e+00
2.630604273344898214e+00
2.775354282640473347e+00
3.377148371777984881e+00
3.203708171962559526e+00
3.070850295105915784e+00
3.337589446777846636e+00
2.468268921123040638e+00
3.337767216367152123e+00
2.755866957279102802e+00
2.779071593745052748e+00
3.267155448391104500e+00
2.508384237500436598e+00
3.338919195740126522e+00
3.032024036430609026e+00
2.607220721503167304e+00
2.695124865709174866e+00
2.834475533721710239e+00
2.951198488593804736e+00
2.443431535718060932e+00
3.381007640931939395e+00
3.277035829414314261e+00
2.895482014324629816e+00
3.267292299295329716e+00
2.497071702548454120e+00
3.273986988088968264e+00
2.669640880313813192e+00
3.245241369397237285e+00
2.655475952900283154e+00
2.819251696654415884e+00
3.320774627772645982e+00
2.514955488083485680e+00
3.248821864562930095e+00
2.815344243882290876e+00
2.865379860130969458e+00
2.446288626400467514e+00
3.056180853621367710e+00
2.594339605013252559e+00
3.338971429106331712e+00
3.176546885063169512e+00
2.772525622105811216e+00
3.385694174471984841e+00
3.297117343149030155e+00
2.944015235032655387e+00
2.622091189773058328e+00
2.456155432140095130e+00
2.787893352400641067e+00
2.976498409416254098e+00
2.785926146102247092e+00
2.411400354704305027e+00
2.597904743884571044e+00
3.269390943691937501e+00
3.180965966418689117e+00
2.876163010937727638e+00
2.850758203292902415e+00
2.560827925766511193e+00
2.964346268813685903e+00
2.706845306762532655e+00
2.663548272249852467e+00
3.225638366741465202e+00
2.597836044844163084e+00
2.511401166943470376e+00
2.686611266013551269e+00
3.214990463946239441e+00
2.989093171918373759e+00
2.575909089545802555e+00
2.463227073728852634e+00
2.578877459653472037e+00
2.766002422400688943e+00
2.959095356895371509e+00
2.955884700395120745e+00
3.217369089551017414e+00
2.761260490001639756e+00
2.976305158451159283e+00
2.701528599689620780e+00
2.630031031107012307e+00
2.528104188318882617e+00
3.125489402296883323e+00
2.894786104669564875e+00
2.402767846792807749e+00
3.182714696944319410e+00
2.856537587675690659e+00
3.238349277858120434e+00
2.840493379768605386e+00
2.750902238525783527e+00
2.744405097280216310e+00
2.509691624092547979e+00
3.143969040076636468e+00
2.519536636097923665e+00
3.296779881424828140e+00
2.837786916080002442e+00
3.329742514773473605e+00
2.819720980970082280e+00
2.813954942244138113e+00
2.464853865994169446e+00
3.149976943410561336e+00
2.585836951808872630e+00
2.406045831656507428e+00
3.355096721765980394e+00
3.003629018997716837e+00
2.413135389416892540e+00
2.856512593812526202e+00
3.058397538658429671e+00
2.808912235263634205e+00
2.541979704602424839e+00
2.605831365560459023e+00
2.509334797544443330e+00
2.488820289390153206e+00
2.888528482761685279e+00
2.585339510384730310e+00
2.930418038855516549e+00
2.735316529474800529e+00
2.613910461227237025e+00
2.516650123251145565e+00
2.770585903514395820e+00
2.919757923085584572e+00
2.875575975563922526e+00
2.667728063799009952e+00
2.727402293794761512e+00
3.367960922768399090e+00
2.609276728830470127e+00
2.717417816130211161e+00
2.559442849969933764e+00
2.616727598217924555e+00
2.644093102273405993e+00
2.937074295312308347e+00
2.852194990328647872e+00
3.295656242526718849e+00
3.043479519178571291e+00
3.308733560432473908e+00
2.466737003775268278e+00
3.082523110163272406e+00
2.826059736673384393e+00
2.686406604363583916e+00
2.892908901207191352e+00
2.415890391518911606e+00
3.330469145701142608e+00
2.707747553266907303e+00
3.045680982318527796e+00
2.889760846788679949e+00
2.788668931003825957e+00
2.814704152270041781e+00
3.356241888424225994e+00
3.051761829419190164e+00
2.844104091217980912e+00
2.492093084374587875e+00
2.798420150849838972e+00
3.297940794514794494e+00
2.774730879997168831e+00
3.057802247899556125e+00
2.474184744724679863e+00
2.798986638494738610e+00
2.820417684635284861e+00
2.406913919108789823e+00
2.557033981445640869e+00
2.400609214230260857e+00
3.068007805307938263e+00
3.210883206841302684e+00
2.443952579461068808e+00
2.440391165368740012e+00
3.035346148812243072e+00
3.120613116843562018e+00
2.486644666791987035e+00
2.680988142554589615e+00
2.790961422463967612e+00
3.021695283554418854e+00
2.512027225966289024e+00
3.326312398999328401e+00
2.792236246195102911e+00
2.775845368862183360e+00
3.253878647185548090e+00
2.431748679801044144e+00
2.893267352336160059e+00
3.130658420522792529e+00
3.258216832232551319e+00
3.369011075895807839e+00
3.348517124621361418e+00
3.302190601375088352e+00
2.606851792062862216e+00
2.835853514074677229e+00
2.814051642370278827e+00
3.303033404591567912e+00
2.572513837837051121e+00
2.944641898886249276e+00
3.315589172078601710e+00
2.971805215232215414e+00
2.482996209218759187e+00
3.053338012499541065e+00
2.828883546242681568e+00
2.839205197121326130e+00
2.492858078762453911e+00
3.261591671261388381e+00
2.749344984806878944e+00
2.606072894420645270e+00
2.533996686396704057e+00
2.548543752264650575e+00
2.547691296087072121e+00
3.370545345782379965e+00
3.065367502333053995e+00
3.176561585508391072e+00
2.556367441583298206e+00
2.984042694142358787e+00
3.306973442817310538e+00
2.469165584499021016e+00
2.583245695897771199e+00
2.987087656194228558e+00
3.287636035256646938e+00
3.232135295946626297e+00
2.729901014882292642e+00
3.368177147843110397e+00
3.362349827316559736e+00
2.936116206825550634e+00
2.637553350047958212e+00
2.765159421106654580e+00
3.363845507920522060e+00
2.919468867393268496e+00
3.009814113663451085e+00
3.057725745621795443e+00
2.522799214813109536e+00
2.647389230346213651e+00
2.498959476382571765e+00
2.566074501826747234e+00
2.897780147374659165e+00
3.233555203342218576e+00
3.165445356307230895e+00
2.646230981462967424e+00
2.427356236104144305e+00
2.635902000587634575e+00
2.539364835954556643e+00
2.571867420738878085e+00
2.707972802529756695e+00
3.108566884713632295e+00
2.466323943781992156e+00
2.923158035361264950e+00
2.801950104631031113e+00
2.673313411892732194e+00
2.774189183749507404e+00
3.006316764247348505e+00
2.894150603744015005e+00
3.006035535134703451e+00
3.115375712176382983e+00
3.250525917148487931e+00
3.301439033316175831e+00
3.177284105739913489e+00
2.651639969112910222e+00
3.348248685870979902e+00
3.378997178324666617e+00
3.132957499135502477e+00
2.771823522026537923e+00
2.614695297251529382e+00
3.166779276353596906e+00
2.649174170369311909e+00
2.406292235994821560e+00
2.870910578482340991e+00
2.728464256942594535e+00
2.698149443213250009e+00
2.802575490725767615e+00
2.770077906511008603e+00
2.980127088608623964e+00
2.829386930708271297e+00
2.573313253473978435e+00
3.321098118303127844e+00
2.931990550490126690e+00
3.161751834469204603e+00
2.736650710456504321e+00
2.842626834698296800e+00
3.126471655829923701e+00
2.458182939122002697e+00
3.296565666301658482e+00
2.495486358711879848e+00
2.929528197358902464e+00
2.528660881959425399e+00
2.426167811612858660e+00
3.234841838368736955e+00
3.022393080001440691e+00
2.854778759751857908e+00
3.214030110159468823e+00
2.838898091662003687e+00
2.439681795220221883e+00
2.775506954649392455e+00
2.844908450378884179e+00
3.101678816546686424e+00
3.020538142548199190e+00
3.343641364513896708e+00
2.500101069816270893e+00
2.652678258040491510e+00
2.587555276930906700e+00
2.999066552079812986e+00
2.902948985688418304e+00
3.265374117661660414e+00
2.492643303079910222e+00
2.895507276234203786e+00
2.792331096847592953e+00
2.568325632123075852e+00
3.289800834636972038e+00
2.961633557949155282e+00
3.037139095619664442e+00
2.936068514537764074e+00
3.004072748252031744e+00
2.712805261446356031e+00
3.108947855974945718e+00
3.376275002580810369e+00
3.238685225348543195e+00
2.676180549488750504e+00
2.573280696876694140e+00
2.527723514008699990e+00
3.261510721862467488e+00
2.873445051371549486e+00
3.295719942253998003e+00
3.261825031146937448e+00
2.609848675630336068e+00
3.336818240630887722e+00
3.307190047343123496e+00
2.889934521884763186e+00
2.936572649313687222e+00
2.705953282190140641e+00
2.639220328705878860e+00
3.385554642393179936e+00
2.784779401816075861e+00
2.892474109754929579e+00
2.409950320242939981e+00
2.410536464999129436e+00
3.187887688375136808e+00
3.373273069687871661e+00
3.201075516389919606e+00
3.148650867239693341e+00
3.277595663551162719e+00
2.905465332530805966e+00
3.226109788839095494e+00
3.173532978813502936e+00
2.518783708032387381e+00
3.142411888420866717e+00
2.907024575539285838e+00
2.426945033855222533e+00
3.012379345325594038e+00
2.636529256065859528e+00
3.113190986106770808e+00
2.933269233979597601e+00
3.312149301926637701e+00
2.498234590134659872e+00
3.376719477624228194e+00
2.942676212116987156e+00
2.853612072873451311e+00
2.898874382714098363e+00
2.786133118953476373e+00
2.534346148363070483e+00
3.233575752830330163e+00
2.533809953282629923e+00
2.463180133472202993e+00
2.919127874493061547e+00
2.581572179296829361e+00
2.402584439600761179e+00
3.061353204890783886e+00
2.960020378768154270e+00
2.824478020248008203e+00
2.941202098399452236e+00
3.278596477558091582e+00
2.842495039728446304e+00
2.676163134682510325e+00
2.821685551716126561e+00
3.117922398127101147e+00
2.566545540267056058e+00
2.668460856108027190e+00
2.878467654806660558e+00
2.945492917338557337e+00
2.845906336744888243e+00
2.858689937932730629e+00
2.616535293221871949e+00
3.091437499184181981e+00
3.090867067327986550e+00
2.919889202556333885e+00
2.502339566499854229e+00
2.967521615764526111e+00
2.413239543633292072e+00
2.906843561051787983e+00
2.670108468722662831e+00
2.485743339720452916e+00
2.512985825431883313e+00
2.989973369426727867e+00
2.759875915102703026e+00
2.816740355783699634e+00
2.751033745837976774e+00
3.001265700754589094e+00
2.517564559332818419e+00
3.296295209370181389e+00
2.996476168842179266e+00
3.255963760365090387e+00
2.727369575309371630e+00
2.743598513748802592e+00
2.455549050269746569e+00
3.246898761475123241e+00
3.217501470301429745e+00
2.944703084778430568e+00
2.659138522506036217e+00
3.283755995226263380e+00
2.804145802019069933e+00
2.613958158464867676e+00
2.610357852493063291e+00
2.578562173815234004e+00
2.610753309215511297e+00
2.968250380660920396e+00
3.252818052975475105e+00
2.458421523577965839e+00
3.084418371350117649e+00
2.746624469254549616e+00
3.351027644092219315e+00
2.872352452052424177e+00
2.511074366180722883e+00
3.382323671946020571e+00
2.482625201648104518e+00
2.716692836346949136e+00
3.252053339078609717e+00
3.128589544265146127e+00
3.389050523772227486e+00
2.726281444170109758e+00
2.927396249308437337e+00
3.223203700929118121e+00
3.090097063621989548e+00
3.087577859344026177e+00
3.008836069568190386e+00
2.414264158582136055e+00
2.983375565936113638e+00
2.485709334553355188e+00
3.368924570936680851e+00
2.981236757012158289e+00
3.101270842689734852e+00
2.726991509286087467e+00
2.793117384729702390e+00
2.438858337913339724e+00
2.400618094574376027e+00
3.205539154110109479e+00
2.660694455773286560e+00
2.587212809604184205e+00
2.583971574250822023e+00
2.678194711904029912e+00
3.005382992190227309e+00
3.032908074297773204e+00
2.633295768106743928e+00
2.949762601239875437e+00
2.506764158168842460e+00
2.727433887726945283e+00
2.650877720237440283e+00
2.741682332978541137e+00
2.685876615165144088e+00
2.488645710384427723e+00
2.656833639500185029e+00
2.617110629659637588e+00
2.609524595017984172e+00
2.708525119666865155e+00
3.266889398787388377e+00
3.181671291243036936e+00
3.317363486152161922e+00
3.009069859663557001e+00
2.496652664831554347e+00
3.060639452420762741e+00
3.104602527149384894e+00
2.629870546144164045e+00
2.563828855450388744e+00
3.212504921907558764e+00
2.477300415948028967e+00
2.537361653189779354e+00
2.883971543765305512e+00
2.750333981848561926e+00
2.726227985953354693e+00
2.858495099163297137e+00
2.882415715328003003e+00
3.073704962808510022e+00
3.388398341448918938e+00
2.667856800068136636e+00
2.983769192892181454e+00
2.981979409131432224e+00
2.431880734016049761e+00
3.339677997327826997e+00
3.383354688076374295e+00
2.400808013836542631e+00
3.399509160683086062e+00
3.145391348031499223e+00
2.769201139413930424e+00
3.074066422116932262e+00
2.500208351460528888e+00
3.296607531613517938e+00
2.757579901549038315e+00
2.443367982496846835e+00
3.168565386575323828e+00
2.542965852570004071e+00
2.661871870250439365e+00
3.313923204485722973e+00
3.129965953681332458e+00
2.718685789312027090e+00
2.827684710914389221e+00
2.711559432164776684e+00
3.112723138569701842e+00
2.920142338322911257e+00
3.194671654987891074e+00
2.400899551535087273e+00
2.968099323009172785e+00
2.647506166957430018e+00
3.167283826367765176e+00
3.032209675121336545e+00
2.815643014334952898e+00
3.250065386228376596e+00
2.475867325174257338e+00
2.934807516008782535e+00
2.852529621551530337e+00
2.929153322683022864e+00
3.262351115150522674e+00
2.813873778501577494e+00
2.597375553384195346e+00
3.394640746882355398e+00
2.968431726075027033e+00
2.455241759450267569e+00
3.074012858988377062e+00
2.938116321211957427e+00
3.060239197550841617e+00
2.498834949243026848e+00
2.964363428742942119e+00
3.343647261711236496e+00
3.141918615671051462e+00
3.232457358953471527e+00
2.898727262455833120e+00
3.262820406303632126e+00
3.397475736279141234e+00
2.670768499293702636e+00
2.401949536968734478e+00
2.832256759800733104e+00
3.044530405420708075e+00
2.941310964063582389e+00
2.669911719781821180e+00
2.722274805829678179e+00
3.218471069036540122e+00
2.683154910578360308e+00
2.406642402303135864e+00
3.253854983174298443e+00
2.950354387796526368e+00
2.712567245515803638e+00
3.380734785349479132e+00
2.765444894155272504e+00
2.786103031737212632e+00
3.365151768005614219e+00
3.326019940864881619e+00
2.748762839313934059e+00
2.413487836065151271e+00
3.147335874169912007e+00
3.396128672598349052e+00
2.956431987539809736e+00
2.763562773257020933e+00
3.311097777580393142e+00
3.127852561167024259e+00
2.556054557275440065e+00
3.127853566274095609e+00
2.565713464033866131e+00
2.823048981075119812e+00
3.189363850342232354e+00
2.554146173965012867e+00
2.821501446554148806e+00
3.138768573869611611e+00
2.565946525760983477e+00
3.173032558198106923e+00
3.193652502232415369e+00
2.524044961338492321e+00
2.719183256555069317e+00
3.182061183002776961e+00
3.069763918967339578e+00
2.529378035996568297e+00
3.396244800034221356e+00
2.583639844897184012e+00
2.813916266105719099e+00
3.263010337942064520e+00
3.174075864599025021e+00
2.891479922913958944e+00
2.791901745347923569e+00
3.387321246712134748e+00
3.397251843268632054e+00
2.905302625147669460e+00
3.381922552641123847e+00
2.825772887191858374e+00
2.701976879255183039e+00
2.400337378025176882e+00
2.892526913488672413e+00
2.431589798580680473e+00
3.169743029364882059e+00
3.183476926916098293e+00
3.203746611185181337e+00
2.993961252147234742e+00
2.600882772270176169e+00
2.868748878282069370e+00
3.396627793311698618e+00
2.823247135735183821e+00
2.695314220822528029e+00
2.553337100204719601e+00
3.307937196907361876e+00
2.980867795389012365e+00
3.202528164485342277e+00
3.236692936811542243e+00
3.211266884119891252e+00
2.614737965254628094e+00
3.270960402328856986e+00
2.926867387824199085e+00
2.461288349335879033e+00
2.679052446817285826e+00
2.764049045221575795e+00
2.524632632491617290e+00
2.569153383974053906e+00
3.255709693761761336e+00
3.041522712662696915e+00
3.307372040454289230e+00
2.931484584894477941e+00
2.701287881146098524e+00
2.736609678598424633e+00
3.351637654241867992e+00
2.851068140814119189e+00
2.494882014117672409e+00
3.041692114690321969e+00
2.688158382217815667e+00
2.426065514037714088e+00
2.465944620964291900e+00
3.231622129974415447e+00
3.045130962210762515e+00
2.433027173586200131e+00
3.201644091985775820e+00
2.690751601756906641e+00
3.154453715961040849e+00
2.971258524021130221e+00
2.738468826299100378e+00
2.840334597233856950e+00
2.734545548398843007e+00
2.833721152889510542e+00
3.187411063575013692e+00
2.475369988474345639e+00
2.906221796987196626e+00
2.670778590643334116e+00
2.714281285200842664e+00
2.859773893837779468e+00
2.759618363363633531e+00
2.601187477406924575e+00
2.765713558602148847e+00
3.208387947814203667e+00
2.476631919884545674e+00
3.222112375774235371e+00
3.231278389090699754e+00
3.013596400201143943e+00
2.706129076926357957e+00
2.560101222526731668e+00
3.273256367206551332e+00
3.116509499945164130e+00
3.136169708689083180e+00
2.652837854132704010e+00
3.338901713773365199e+00
3.333889341499549630e+00
2.859405239202924776e+00
3.386900239707919091e+00
3.372640514192656980e+00
3.275000746939619400e+00
2.577128795030018349e+00
3.131549951561707346e+00
3.117119778648438366e+00
2.664494348193957585e+00
2.621202199181932091e+00
3.222693280884273648e+00
2.543939969043795379e+00
2.833098976650116896e+00
3.232224852468136067e+00
2.758201505536943987e+00
2.483107345944217226e+00
3.293258017608263977e+00
3.063218052741259800e+00
2.931944449638648642e+00
2.451405498883630685e+00
2.612709310782739269e+00
2.451553169506136776e+00
2.712781727044984326e+00
2.627966272027570938e+00
2.969175199598806270e+00
3.177604515130433516e+00
2.729437208685368876e+00
2.591360505116420576e+00
2.958789259347718303e+00
2.936247705333273395e+00
3.184531179490610153e+00
3.381833942331878173e+00
3.392602479072258870e+00
3.145787714676209657e+00
2.603394495323132940e+00
2.638393398251510646e+00
3.154444495271986781e+00
3.353030503954648189e+00
2.601146784809050594e+00
2.777927964300309860e+00
3.323149266235739585e+00
2.895113331868875761e+00
3.100420158623382161e+00
2.637363965689706102e+00
3.220227538633977371e+00
3.122087690044005104e+00
2.632100051264479212e+00
2.607340649355241347e+00
2.739257575471984563e+00
2.621609049585866380e+00
2.805741944824019285e+00
3.235932351477308622e+00
2.517950181066007875e+00
2.917499745113763421e+00
2.870287353227432892e+00
3.004451449186182899e+00
3.334320114953355674e+00
3.222071920829297831e+00
2.474938474405552480e+00
2.567955767080136731e+00
3.296519835588080927e+00
3.372278341382873634e+00
3.228658103743923924e+00
2.602074465682885140e+00
2.721646564469972773e+00
3.040637507467897294e+00
2.764405154586533353e+00
2.824472799394179390e+00
3.392687891794084365e+00
3.074889825400819898e+00
2.675918305369613837e+00
3.384683950232272309e+00
3.360064484952112629e+00
2.729950823685656225e+00
3.015934988757323243e+00
3.246503198756422126e+00
3.330610673649841758e+00
2.413290820140889359e+00
2.527161717254640116e+00
3.002332460372042267e+00
2.602544726470729319e+00
2.867620165038040181e+00
2.837003749756227045e+00
2.522490472406209161e+00
2.970467308233644577e+00
3.114741104547515516e+00
2.591730577239153011e+00
2.968499788226431679e+00
2.472425860900069772e+00
2.936060062558977890e+00
2.652503011554894652e+00
2.769217800559740095e+00
2.781983119148371930e+00
3.048371267179627253e+00
3.393616253818104944e+00
2.972535027666495910e+00
2.498988614037673361e+00
3.047237003978950032e+00
2.896429128910310347e+00
2.732231326093011337e+00
3.306924798516821529e+00
2.578660499619292334e+00
2.839773835706292271e+00
3.276666548176089488e+00
3.308400415598076183e+00
2.674191815713458098e+00
2.507066887344846062e+00
3.226260935923942696e+00
2.799898473776541774e+00
2.401028395270934812e+00
2.483391336141229200e+00
3.386625933865648364e+00
3.254793955971938768e+00
2.947301374430920440e+00
2.546699866667449630e+00
2.906608187318782566e+00
3.217858819816842075e+00
2.975849777961239617e+00
3.072751368193328059e+00
3.088549149214362188e+00
2.423309761014083907e+00
2.649870163600124062e+00
2.655041815038261088e+00
3.010723636976791351e+00
2.856423916928741757e+00
3.212307602303690057e+00
2.658501076538664520e+00
3.322782255708897736e+00
3.204341693959551485e+00
2.853212694547778927e+00
2.862981516513182001e+00
2.501796170438785882e+00
2.501966284787766170e+00
2.633706250072799904e+00
2.650733682984402595e+00
2.552079208944006972e+00
2.805288219939027883e+00
2.997276771664953099e+00
3.240662457320315326e+00
2.577518366100379765e+00
3.314691647600958024e+00
2.787322824938442078e+00
3.138644356739447527e+00
2.778704630532635722e+00
3.382392234265353625e+00
2.453612046146788739e+00
2.418157943192427606e+00
3.362840489811758093e+00
2.839258181881440191e+00
2.506943452736652755e+00
3.048742073160203958e+00
2.488155626223922390e+00
2.615639525415500266e+00
2.410142563061465459e+00
2.865880503506327059e+00
3.277323785635120945e+00
3.175165797679954327e+00
2.614125545755985769e+00
2.685846858764188383e+00
3.227900892360190177e+00
3.014621470905252565e+00
3.103130964703481709e+00
2.664178002393044142e+00
3.021372477212263430e+00
2.730047720366099551e+00
2.521829647478149639e+00
3.226910890153977363e+00
2.571019784645840911e+00
2.897141085008408723e+00
3.169791754495570935e+00
2.822735735697391668e+00
3.081312991630903220e+00
3.192244669317033434e+00
3.067419764730017206e+00
3.395685903642362113e+00
3.276560334346561465e+00
2.771014301890397213e+00
3.165501689218485737e+00
2.982115082852472732e+00
2.883222857455422616e+00
2.455359898678932229e+00
2.939796740120205865e+00
3.212781320600596846e+00
3.240268321394482509e+00
2.997876471763497364e+00
2.952393347581019789e+00
3.305862685470806195e+00
3.125339526566156323e+00
2.666167338931844544e+00
3.194930004490823539e+00
2.672252648632442273e+00
3.164518798714670567e+00
3.124684258380923119e+00
2.891945326974739494e+00
2.796109779225091518e+00
2.899004563475102270e+00
3.042018741660886150e+00
2.794979302662168763e+00
2.872992504167404260e+00
3.004880835080394164e+00
2.690932800716290707e+00
3.027312459123706390e+00
3.189271984478537103e+00
2.943301182607748867e+00
2.579682366225017009e+00
2.468345383620489830e+00
2.502715912351849870e+00
2.963697725421143847e+00
3.165118909023786564e+00
2.602945007893815887e+00
3.337551640361789307e+00
3.368694877933656517e+00
3.119030824337876151e+00
2.740951654437345120e+00
2.832586056993605439e+00
2.936567210295203623e+00
2.705263000969980958e+00
3.271032537207219981e+00
3.185892417153467271e+00
3.156849131005159848e+00
2.667756927001273315e+00
2.627717941600359985e+00
3.144011900210229360e+00
2.452522515249600410e+00
3.126571828721785185e+00
2.993178901800094049e+00
3.078863422942352823e+00
2.800062766274721060e+00
3.331997471878771044e+00
2.632142974285185399e+00
2.605667235665270365e+00
3.337737706797513582e+00
3.150746997732934762e+00
2.546409901119462305e+00
2.495374242923601216e+00
3.227404913113490093e+00
2.938272093570739596e+00
3.247348367162369964e+00
3.110896083023770853e+00
3.163287772687028987e+00
3.041222276786801793e+00
3.260620570216724801e+00
3.274344730678189208e+00
3.020780323636348186e+00
3.014382626737387216e+00
3.087015883954430606e+00
3.322300287255293139e+00
2.793394388289466512e+00
2.681310524737052781e+00
3.146956208602647465e+00
2.633441012554465388e+00
2.763851403306734511e+00
2.562519248696360830e+00
2.943186807072695643e+00
2.967979571775929859e+00
2.742555780625049344e+00
2.691966812485982352e+00
3.030192644951608560e+00
2.456697201972973144e+00
2.579678608955005004e+00
2.774925114782089697e+00
2.734154579452277911e+00
2.563929361998309009e+00
3.284838188686288074e+00
3.375557495002885489e+00
2.908828852023437328e+00
2.772784496434651746e+00
2.773245139335783982e+00
2.934994580665307939e+00
3.233600664769071376e+00
2.682622478912615627e+00
2.471244772541359325e+00
3.116178845180699764e+00
2.784037646871176719e+00
3.143987995815225478e+00
3.340409392693878488e+00
2.403902589354844910e+00
2.561823894656695355e+00
2.814107876909847761e+00
2.432166077723320274e+00
2.599060716767555679e+00
3.171688481933356396e+00
3.055707733890899114e+00
2.925650725157343590e+00
3.281336242461843078e+00
2.763487259168289079e+00
2.896266124619561122e+00
3.031732082041278975e+00
3.264084386961652484e+00
3.137774920739756723e+00
3.246317059260105609e+00
2.929172644564337791e+00
3.122977099324166783e+00
3.181039831557546993e+00
2.473432997522721166e+00
2.684605699925265654e+00
3.340092211971645408e+00
3.024344005292747717e+00
2.496297281402554802e+00
3.110256991062781751e+00
2.666139597581862475e+00
2.664860471229595795e+00
2.499804672300819597e+00
2.573204251371302487e+00
3.001042199784289100e+00
2.939009168887571910e+00
2.520691116336353232e+00
3.077010126497031983e+00
2.886445397265137380e+00
3.031154184513327632e+00
3.246481757303248283e+00
2.432398475813676519e+00
3.330890162947067079e+00
2.747804723862963261e+00
3.119205051761282377e+00
2.935348067692880036e+00
2.461406435090144562e+00
2.513161557218387188e+00
2.892401493443808036e+00
2.525909482391065275e+00
2.932205851605495628e+00
2.925541821815603072e+00
2.904753854403268942e+00
3.143205069991389156e+00
2.937153441621872307e+00
2.840207819401643796e+00
2.758847359744996730e+00
2.936136964862019916e+00
3.006549682870498064e+00
2.761640201284656371e+00
2.982565094918701920e+00
2.799656096998144328e+00
2.648687533133395888e+00
2.601083794073105970e+00
2.600857457858662514e+00
2.915370510736328580e+00
2.770829202073041841e+00
2.777905210126797364e+00
2.825811079778887347e+00
3.399194830801442357e+00
2.694273841858175089e+00
3.276966015780669927e+00
3.271069962699469258e+00
3.187605044148550171e+00
2.989809734374494710e+00
3.107290522364092755e+00
2.426926298492230405e+00
3.231874637438024944e+00
2.831100593802360788e+00
3.237682175073335777e+00
3.222466763226002229e+00
3.297905295127262271e+00
3.021942582505257491e+00
2.698757809829423593e+00
2.430943458337447183e+00
2.946278795603456402e+00
2.967375518009280011e+00
2.590811124423533673e+00
2.954447314436145167e+00
3.145209194169362288e+00
2.967067868184621204e+00
2.759283209408017967e+00
2.421224579801476651e+00
3.318654949844837887e+00
2.952531730631682283e+00
2.609049068871141408e+00
3.382028496326877853e+00
3.307899870387864372e+00
2.970397755859220723e+00
3.150094522139669451e+00
3.389722697035326693e+00
3.132598144674911378e+00
2.609414507710023479e+00
3.055663655751174712e+00
3.339172676274756224e+00
2.726661936051312018e+00
2.477759939654507360e+00
2.884494365396269799e+00
2.942344726170980085e+00
2.686633956948601742e+00
2.982617619863724645e+00
2.568559987725758997e+00
3.295433753028195856e+00
3.108789582540064877e+00
2.533998229098850974e+00
2.992143554387995064e+00
3.135924938846388343e+00
2.658254987649063317e+00
2.613221921349774934e+00
2.853706452477208888e+00
2.685036008241922012e+00
2.450076041639023927e+00
3.256720118846593515e+00
2.530595693387185818e+00
2.797863612657754295e+00
2.435122225160218701e+00
2.812168135191674079e+00
3.013135718844373923e+00
2.934531819340473024e+00
3.395825694430879782e+00
2.603524442036534658e+00
2.979698034639272297e+00
2.468907696983620781e+00
3.300594200610935225e+00
3.219617836612525430e+00
3.108569941639363510e+00
2.545457228238266811e+00
3.343567134358049309e+00
2.466110958066724645e+00
3.329266458752548008e+00
3.219134278837440188e+00
2.951269949324215158e+00
3.327354172141651745e+00
2.707663897031831635e+00
2.709099184109680536e+00
3.287141796779406100e+00
2.841118172372875783e+00
2.922163104337490491e+00
3.138610502012652681e+00
3.290514684991735272e+00
3.016630615735049759e+00
2.581425478057708389e+00
3.334446852597628297e+00
2.868214465272729718e+00
2.799822928742155881e+00
2.829157606666277136e+00
2.774720256234665783e+00
3.370577830063642644e+00
2.500718626711132764e+00
3.023577682958657586e+00
2.556422991135765876e+00
3.203507551853821855e+00
2.751406572270720385e+00
3.298312052828969776e+00
2.407025381735412584e+00
3.381408638239352893e+00
2.623175840152735194e+00
2.865709214580132169e+00
3.397738218714081437e+00
2.993011584282800897e+00
2.737520506727143310e+00
2.652463946849251908e+00
2.431939360205150891e+00
2.637397597303640762e+00
3.003122408789300923e+00
2.741283634026601579e+00
2.560002482057075035e+00
3.065905360102475719e+00
2.880444862563491526e+00
2.601004852637905707e+00
3.214125292483840823e+00
3.348241296010715740e+00
2.855473858288850142e+00
3.076856164689353079e+00
2.880761678912215462e+00
3.175968386998618609e+00
2.704277434702309524e+00
3.239556946965941542e+00
2.846528532056840533e+00
2.487809677966183131e+00
3.201542644207787003e+00
3.069347641211034539e+00
3.141662129925927971e+00
2.617747415916731768e+00
3.151536601901152590e+00
3.227968435064300756e+00
2.884108744827184712e+00
3.229637890679419421e+00
3.170486443457882331e+00
2.469041656999245937e+00
2.983470359832069541e+00
2.912869649828638607e+00
2.638246778343032339e+00
2.617293192710542726e+00
2.976887175498242666e+00
3.040151155214703138e+00
3.330206128593791171e+00
2.945925302210189223e+00
3.217388729914111956e+00
2.612667974221251743e+00
2.824460823645324581e+00
2.563576332706624328e+00
3.050786339269982772e+00
2.481573637460859239e+00
2.975632424894616435e+00
3.319031872396181804e+00
2.447487727620401454e+00
3.139371694216737119e+00
2.875916313079177389e+00
2.409070760098686037e+00
3.116225247174771784e+00
2.885042761409775558e+00
2.524678026708092382e+00
3.176492416806660835e+00
2.627450179081248116e+00
3.034896032923965592e+00
3.396394090531412502e+00
3.398628772286648836e+00
2.909748329114465459e+00
3.056678266486167583e+00
2.874020993162783810e+00
2.598020833635717342e+00
2.516450462743979877e+00
2.589869099279058950e+00
2.726013168449232804e+00
2.649364561077476310e+00
3.243029371552212492e+00
2.507434971766519638e+00
3.119715764904222866e+00
2.672396918900364682e+00
2.595375424444769763e+00
2.999232112938563066e+00
3.086376525289415529e+00
2.771131634333687366e+00
2.939066512687046995e+00
3.121309106303755243e+00
3.218674870062923077e+00
3.164177219477542824e+00
2.505915607878085538e+00
2.688476646694482053e+00
2.542433498036113182e+00
2.931096875647414279e+00
2.559308868172786244e+00
3.364497812021670864e+00
2.796570137053350003e+00
2.512735880232226826e+00
2.420172702115021668e+00
2.682431598007112949e+00
2.652390295425280264e+00
2.714247677314865825e+00
2.647668683973358306e+00
2.412509195391920436e+00
3.190613747472204498e+00
2.720851555375425779e+00
2.597574542405852949e+00
2.999871085628073697e+00
2.720040942094906544e+00
2.535475865341555224e+00
2.681608439207273431e+00
3.280622367666752304e+00
3.365422351056678085e+00
3.347413739126079868e+00
2.474786442828543542e+00
2.918698650506064585e+00
3.378310977023308848e+00
3.311026589293167621e+00
2.807172141717766856e+00
3.327610073923174205e+00
2.463174391457139567e+00
3.242543646756718800e+00
2.965885202928444375e+00
2.794865769869306682e+00
2.690022088982467530e+00
2.408248474281940776e+00
3.256002366344350918e+00
3.079227610880570953e+00
2.904300020993495490e+00
2.965676103459797819e+00
2.843610613856041525e+00
2.597510056123673028e+00
2.549228181752028366e+00
2.569207846306047482e+00
2.749733139441781660e+00
2.668008881070712324e+00
2.519588873857534939e+00
3.032199613353375067e+00
2.756654481278794755e+00
2.657176339884144145e+00
3.348381116364033794e+00
3.156062806478300065e+00
2.826807664842193368e+00
3.140873485414412691e+00
3.210592687073772211e+00
2.575854907764029811e+00
2.944592519035931666e+00
2.858371945306370510e+00
3.060714540518432614e+00
2.726578690759499768e+00
3.311878943704398726e+00
2.626690832809804643e+00
2.794092577320611337e+00
3.213982267739640353e+00
3.001806918216593623e+00
2.843184647439072510e+00
2.731229463290251847e+00
2.812091266100031017e+00
3.204471272068023513e+00
2.642906136989472188e+00
2.709982284727259660e+00
3.091650004342251457e+00
2.584354230392815310e+00
3.326363822710517226e+00
2.421917793009466191e+00
3.087717986833813377e+00
2.602628477806364415e+00
2.985150436040623578e+00
2.463227640783522077e+00
2.488394946466264468e+00
3.354439467304510814e+00
3.326261078936632920e+00
2.889001017124261050e+00
2.894300139256783311e+00
3.368677118055277031e+00
2.764166541038766578e+00
2.474880986595488608e+00
2.802108429534512446e+00
2.637889943136109583e+00
2.866656906540554051e+00
3.109893830974767237e+00
2.964230824595760705e+00
3.254810416376826332e+00
3.105818181889554719e+00
2.530673376614470005e+00
2.776288532116167662e+00
3.390560939053758549e+00
2.783416749097988419e+00
2.949077949535277465e+00
2.550081695908108959e+00
2.461261260231087267e+00
2.494470804660584573e+00
2.703910885540822484e+00
2.478619011682119400e+00
3.181902623840910938e+00
2.996549529149588942e+00
3.192488927361737172e+00
3.176736269229001763e+00
3.281001573755361278e+00
3.183513504492871071e+00
3.159818620154396296e+00
3.209204073127051249e+00
3.340901113264799882e+00
3.165521371865318567e+00
3.365443751826929120e+00
2.828464635400808724e+00
3.263482747327919764e+00
2.605013113888364984e+00
3.210933339745496884e+00
3.310822820866588856e+00
2.521977010872443081e+00
2.960729201856874049e+00
3.312064686828541493e+00
3.162182078706299748e+00
3.022411668675860419e+00
2.831187374987377048e+00
3.186223160232747986e+00
2.667099579135139731e+00
2.546058868424094346e+00
2.959942604521471399e+00
3.243712032345750895e+00
2.509064525299378179e+00
2.458058884000593913e+00
2.710406747545668793e+00
2.751580157283701311e+00
